Unnamed: 0,Date,Open,High,Low,Close,Adj Close,Volume,Dividends,Stock Splits,Capital Gains,Friday,Monday,Next_Close,Day_Moves,Intraday_Moves,Strike_Open,Strike_Close,Next_Date,Call_prices,Put_prices,Premium,Payoff,PL
2809,2023-03-03,399.7099914550781,404.4500122070313,399.0299987792969,404.1900024414063,393.0964660644531,90120000,0.0,0.0,0.0,True,False,404.4700012207031,0.0692740487408431,1.1208153616624357,400.0,404.0,2023-03-06,513.0,411.00000000000006,924.0,141.0003662109375,782.9996337890625
2814,2023-03-10,390.989990234375,393.1600036621094,384.3200073242188,385.9100036621094,375.3181457519531,189253000,0.0,0.0,0.0,True,False,385.3599853515625,-0.1425250201672547,-1.2992625640417237,391.0,386.0,2023-03-13,705.0,758.9999999999999,1464.0,192.00439453125,1271.99560546875
2819,2023-03-17,393.2200012207031,394.3999938964844,388.5499877929688,389.989990234375,380.7337341308594,140553400,1.506,0.0,0.0,True,False,393.739990234375,0.96156314108122,-0.8214259133057711,393.0,390.0,2023-03-20,833.9999999999999,744.0,1578.0,1121.9970703125,456.0029296875
2824,2023-03-24,391.8399963378906,395.8399963378906,389.3999938964844,395.75,386.3570556640625,107682400,0.0,0.0,0.0,True,False,396.489990234375,0.1869842664245104,0.9978572117833804,392.0,396.0,2023-03-27,615.0,624.0,1239.0,146.9970703125,1092.0029296875
2829,2023-03-31,404.6600036621094,409.7000122070313,404.5499877929688,409.3900146484375,399.67327880859375,112062600,0.0,0.0,0.0,True,False,410.9500122070313,0.3810541299922504,1.168885223032242,405.0,409.0,2023-04-03,537.0,384.0,921.0,585.003662109392,335.99633789060795
2838,2023-04-14,412.80999755859375,415.0899963378906,410.05999755859375,412.4599914550781,402.6704406738281,78161500,0.0,0.0,0.0,True,False,413.9400024414063,0.3588253447581512,-0.0847862468413075,413.0,412.0,2023-04-17,528.0,264.0,792.0,582.000732421892,209.99926757810795
2843,2023-04-21,412.1900024414063,412.6799926757813,410.1700134277344,412.2000122070313,402.4165954589844,73457400,0.0,0.0,0.0,True,False,412.6300048828125,0.1043165121415091,0.0024284348396885,412.0,412.0,2023-04-24,396.0,357.0,753.0,189.00146484375,563.99853515625
2848,2023-04-28,411.489990234375,415.9400024414063,411.4299926757813,415.9299926757813,406.05810546875,89335600,0.0,0.0,0.0,True,False,415.510009765625,-0.1009744229922914,1.079006184057437,411.0,416.0,2023-05-01,399.0,333.00000000000006,732.0,146.9970703125,585.0029296875
2853,2023-05-05,408.9100036621094,413.7200012207031,408.6400146484375,412.6300048828125,402.8363952636719,87844000,0.0,0.0,0.0,True,False,412.739990234375,0.0266547149409883,0.9097359290278056,409.0,413.0,2023-05-08,303.0,456.0,759.0,78.0029296875,680.9970703125
2858,2023-05-12,413.4200134277344,413.6400146484375,409.0700073242188,411.5899963378906,401.8210754394531,70439400,0.0,0.0,0.0,True,False,413.010009765625,0.3450067883983821,-0.4426532413539375,413.0,412.0,2023-05-15,264.0,483.00000000000006,747.0,303.0029296875,443.9970703125
2863,2023-05-19,420.1700134277344,420.7200012207031,417.3500061035156,418.6199951171875,408.6842041015625,103679700,0.0,0.0,0.0,True,False,418.7900085449219,0.0406128301842777,-0.3689026491685763,420.0,419.0,2023-05-22,297.0,501.0,798.0,62.9974365234375,735.0025634765625
2868,2023-05-26,415.3299865722656,420.7699890136719,415.25,420.0199890136719,410.0509643554688,93830000,0.0,0.0,0.0,True,False,420.1799926757813,0.0380942970083661,1.1292231702586708,415.0,420.0,2023-05-30,645.0,444.0,1089.0,53.99780273439205,1035.002197265608
2872,2023-06-02,424.5,428.739990234375,423.9500122070313,427.9200134277344,417.7634887695313,91366700,0.0,0.0,0.0,True,False,427.1000061035156,-0.1916263083024112,0.8056568734356596,424.0,428.0,2023-06-05,321.0,348.0,669.0,269.9981689453125,399.0018310546875
2877,2023-06-09,429.9599914550781,431.989990234375,428.8699951171875,429.8999938964844,419.6965026855469,85742800,0.0,0.0,0.0,True,False,433.7999877929688,0.9071863112013568,-0.0139542189473735,430.0,430.0,2023-06-12,354.0,300.0,654.0,1139.996337890642,-485.99633789064205
2882,2023-06-16,443.0199890136719,443.6099853515625,438.9700012207031,439.4599914550781,430.6232604980469,114121300,1.638,0.0,0.0,True,False,437.1799926757813,-0.5188182823532271,-0.8035749281922099,443.0,439.0,2023-06-20,498.0,261.0,759.0,546.002197265608,212.99780273439205
2886,2023-06-23,432.9299926757813,435.05999755859375,432.4700012207031,433.2099914550781,424.4989318847656,92074500,0.0,0.0,0.0,True,False,431.4400024414063,-0.4085752980273573,0.0646753017887038,433.0,433.0,2023-06-26,348.0,315.0,663.0,467.99926757810795,195.00073242189205
2891,2023-06-30,441.4400024414063,444.2999877929688,441.1099853515625,443.2799987792969,434.366455078125,104921500,0.0,0.0,0.0,True,False,443.7900085449219,0.1150536381134865,0.416816855680145,441.0,443.0,2023-07-03,276.0,285.0,561.0,237.0025634765625,323.9974365234375
2895,2023-07-07,438.6300048828125,442.6400146484375,438.2999877929688,438.5499877929688,429.7315673828125,86076100,0.0,0.0,0.0,True,False,439.6600036621094,0.2531104549168618,-0.0182425025540895,439.0,439.0,2023-07-10,327.0,321.0,648.0,198.0010986328125,449.9989013671875
2900,2023-07-14,450.4800109863281,451.3599853515625,448.489990234375,449.2799987792969,440.2457885742188,69761800,0.0,0.0,0.0,True,False,450.8399963378906,0.3472216797614618,-0.2663852285928997,450.0,449.0,2023-07-17,321.0,300.0,621.0,551.9989013671875,69.0010986328125
2905,2023-07-21,453.9599914550781,454.1700134277344,452.1700134277344,452.1799926757813,443.0874938964844,71245400,0.0,0.0,0.0,True,False,454.2000122070313,0.4467290822171292,-0.3921047697598733,454.0,452.0,2023-07-24,354.0,282.0,636.0,660.003662109392,-24.003662109392053
2910,2023-07-28,455.8800048828125,457.7799987792969,452.489990234375,456.9200134277344,447.732177734375,80011800,0.0,0.0,0.0,True,False,457.7900085449219,0.1904042483630664,0.2281320816404785,456.0,457.0,2023-07-31,303.0,333.00000000000006,636.0,237.0025634765625,398.9974365234375
2915,2023-08-04,450.7200012207031,452.8999938964844,446.2699890136719,446.80999755859375,437.8254699707031,100052300,0.0,0.0,0.0,True,False,450.7099914550781,0.8728528720919988,-0.8675016976215288,451.0,447.0,2023-08-07,459.0,416.99999999999994,876.0,1112.9974365234375,-236.9974365234375
2920,2023-08-11,443.9700012207031,446.7000122070313,443.3500061035156,445.6499938964844,436.6888122558594,68664600,0.0,0.0,0.0,True,False,448.1099853515625,0.5520007828496755,0.3784022954618738,444.0,446.0,2023-08-14,413.99999999999994,393.0,807.0,632.99560546875,174.00439453125
2925,2023-08-18,433.3699951171875,437.5700073242188,433.010009765625,436.5,427.7228393554688,98758400,0.0,0.0,0.0,True,False,439.3399963378906,0.6506291724835338,0.7222477139807789,433.0,436.0,2023-08-21,567.0,408.00000000000006,975.0,1001.9989013671875,-26.9989013671875
2930,2023-08-25,438.6799926757813,441.2999877929688,435.0,439.9700012207031,431.1230163574219,102325100,0.0,0.0,0.0,True,False,442.760009765625,0.6341360859106203,0.2940659629935054,439.0,440.0,2023-08-28,438.0,405.0,843.0,828.0029296875,14.9970703125
2935,2023-09-01,453.1700134277344,453.6700134277344,449.6799926757813,451.1900024414063,442.117431640625,58875700,0.0,0.0,0.0,True,False,449.239990234375,-0.4321931329328354,-0.4369245377361825,453.0,451.0,2023-09-05,351.0,318.0,669.0,528.0029296875,140.9970703125
2939,2023-09-08,444.8999938964844,447.1099853515625,444.5299987792969,445.5199890136719,436.5613708496094,61659700,0.0,0.0,0.0,True,False,448.4500122070313,0.657663688636305,0.1393560633160528,445.0,446.0,2023-09-11,321.0,338.99999999999994,660.0,735.003662109392,-75.00366210939205
2944,2023-09-15,447.1400146484375,447.4800109863281,442.9200134277344,443.3699951171875,435.9871520996094,111761400,1.583,0.0,0.0,True,False,443.6300048828125,0.0586439697066727,-0.8431407182857849,447.0,443.0,2023-09-18,462.0,231.0,693.0,189.00146484375,503.99853515625
2949,2023-09-22,432.4500122070313,434.1000061035156,429.989990234375,430.4200134277344,423.2527465820313,100829700,0.0,0.0,0.0,True,False,432.2300109863281,0.4205189122549109,-0.4694181343496026,432.0,430.0,2023-09-25,627.0,378.0,1005.0,669.0032958984375,335.9967041015625
2954,2023-09-29,431.6700134277344,431.8500061035156,425.9100036621094,427.4800109863281,420.3617248535156,115078500,0.0,0.0,0.0,True,False,427.30999755859375,-0.0397710824752019,-0.9706494106771436,432.0,427.0,2023-10-02,648.0,423.0,1071.0,92.999267578125,978.000732421875
2959,2023-10-06,421.9700012207031,431.1300048828125,420.6000061035156,429.5400085449219,422.3874206542969,113202700,0.0,0.0,0.0,True,False,432.2900085449219,0.6402197572504823,1.7939681262458766,422.0,430.0,2023-10-09,468.0,488.99999999999994,957.0,687.0025634765625,269.9974365234375
2964,2023-10-13,435.2099914550781,436.4500122070313,429.8800048828125,431.5,424.3148193359375,95143100,0.0,0.0,0.0,True,False,436.0400085449219,1.0521456651035632,-0.8524600831598936,435.0,432.0,2023-10-16,444.0,750.0,1194.0,1212.0025634765625,-18.0025634765625
2969,2023-10-20,425.9800109863281,426.5400085449219,421.0799865722656,421.1900024414063,414.1764526367188,123845800,0.0,0.0,0.0,True,False,420.4599914550781,-0.1733210622513957,-1.1244679143115028,426.0,421.0,2023-10-23,615.0,630.0,1245.0,162.0025634765625,1082.9974365234375
2974,2023-10-27,414.1900024414063,414.6000061035156,409.2099914550781,410.6799926757813,403.8414001464844,107367700,0.0,0.0,0.0,True,False,415.5899963378906,1.195578978688077,-0.847439519287177,414.0,411.0,2023-10-30,570.0,645.0,1215.0,1376.9989013671875,-161.9989013671875
2979,2023-11-03,433.1400146484375,436.2900085449219,433.010009765625,434.6900024414063,427.45159912109375,100110800,0.0,0.0,0.0,True,False,435.6900024414063,0.2300489991450388,0.3578491343559687,433.0,435.0,2023-11-06,393.0,341.99999999999994,735.0,207.00073242189205,527.999267578108
2984,2023-11-10,435.9800109863281,440.9299926757813,433.8299865722656,440.6099853515625,433.2730712890625,89462200,0.0,0.0,0.0,True,False,440.1900024414063,-0.0953185184446389,1.0619694134049569,436.0,441.0,2023-11-13,321.0,384.0,705.0,242.99926757810795,462.00073242189205
2989,2023-11-17,450.239990234375,451.4200134277344,449.2900085449219,450.7900085449219,443.2835693359375,83133200,0.0,0.0,0.0,True,False,454.260009765625,0.7697600112974409,0.1221611412750253,450.0,451.0,2023-11-20,255.0,381.0,636.0,978.0029296875,-342.0029296875
2993,2023-11-24,455.0700073242188,455.5,454.7300109863281,455.2999877929688,447.7184143066406,29737400,0.0,0.0,0.0,True,False,454.4800109863281,-0.1800959430320652,0.0505373821716508,455.0,455.0,2023-11-27,312.0,219.0,531.0,155.9967041015625,375.0032958984375
2998,2023-12-01,455.7699890136719,459.6499938964844,455.1600036621094,459.1000061035156,451.4552001953125,89097900,0.0,0.0,0.0,True,False,456.6900024414063,-0.524940890888592,0.730635445534756,456.0,459.0,2023-12-04,360.0,291.0,651.0,692.999267578108,-41.99926757810795
3003,2023-12-08,457.4599914550781,460.75,457.2099914550781,460.2000122070313,452.536865234375,83080900,0.0,0.0,0.0,True,False,461.989990234375,0.3889565362589535,0.5989640193971347,457.0,460.0,2023-12-11,324.0,300.0,624.0,596.9970703125,27.0029296875
3008,2023-12-15,469.489990234375,470.7000122070313,467.4299926757813,469.3299865722656,463.385986328125,141319300,1.906,0.0,0.0,True,False,471.9700012207031,0.5625071322884673,-0.0340803138378944,469.0,469.0,2023-12-18,474.0,192.0,666.0,891.0003662109375,-225.0003662109375
3013,2023-12-22,473.8599853515625,475.3800048828125,471.7000122070313,473.6499938964844,467.6512756347656,67126600,0.0,0.0,0.0,True,False,475.6499938964844,0.4222527236930773,-0.044315084955386,474.0,474.0,2023-12-26,228.0,462.0,690.0,494.9981689453125,195.0018310546875
3017,2023-12-29,476.489990234375,477.0299987792969,473.2999877929688,475.30999755859375,469.2902526855469,122234100,0.0,0.0,0.0,True,False,472.6499938964844,-0.5596355380219966,-0.2476426997345395,476.0,475.0,2024-01-02,341.99999999999994,318.0,660.0,705.0018310546875,-45.0018310546875
3021,2024-01-05,467.489990234375,470.4400024414063,466.4299926757813,467.9200134277344,461.993896484375,86060800,0.0,0.0,0.0,True,False,474.6000061035156,1.4275928543528538,0.0919855402986882,467.0,468.0,2024-01-08,366.0,303.0,669.0,1980.0018310546875,-1311.0018310546875
3026,2024-01-12,477.8399963378906,478.6000061035156,475.2300109863281,476.6799926757813,470.6428833007813,57944000,0.0,0.0,0.0,True,False,474.9299926757813,-0.3671226036101499,-0.2427598507867709,478.0,477.0,2024-01-16,264.0,444.0,708.0,621.002197265608,86.99780273439205
3030,2024-01-19,477.6499938964844,482.7200012207031,476.5400085449219,482.4299926757813,476.3200988769531,110733300,0.0,0.0,0.0,True,False,483.4500122070313,0.2114336891851389,1.0007325113318832,478.0,482.0,2024-01-22,435.0,267.0,702.0,435.00366210939205,266.99633789060795
3035,2024-01-26,487.5899963378906,489.1199951171875,486.5400085449219,487.4100036621094,481.237060546875,76641600,0.0,0.0,0.0,True,False,491.2699890136719,0.791938064988585,-0.0369147597639633,488.0,487.0,2024-01-29,378.0,288.0,666.0,1280.9967041015625,-614.9967041015625
3040,2024-02-02,489.6499938964844,496.0499877929688,489.2999877929688,494.3500061035156,488.0891723632813,99147700,0.0,0.0,0.0,True,False,492.5499877929688,-0.3641181932482784,0.9598717993704023,490.0,494.0,2024-02-05,435.0,366.0,801.0,435.00366210935795,365.99633789064205
3045,2024-02-09,498.8399963378906,501.6499938964844,498.489990234375,501.2000122070313,494.8523864746094,63979400,0.0,0.0,0.0,True,False,500.9800109863281,-0.0438948953202038,0.473100771082129,499.0,501.0,2024-02-12,348.0,312.0,660.0,5.9967041015625,654.0032958984375
3050,2024-02-16,501.7000122070313,502.8699951171875,498.75,499.510009765625,493.1838073730469,75461200,0.0,0.0,0.0,True,False,496.760009765625,-0.5505395179748904,-0.436516322128875,502.0,500.0,2024-02-20,294.0,576.0,870.0,971.9970703125,-101.9970703125
3054,2024-02-23,509.2699890136719,510.1300048828125,507.1000061035156,507.8500061035156,501.4181518554688,61321800,0.0,0.0,0.0,True,False,505.989990234375,-0.3662529972996586,-0.278827133109964,509.0,508.0,2024-02-26,303.0,402.0,705.0,603.0029296875,101.9970703125
3059,2024-03-01,508.9800109863281,513.2899780273438,508.55999755859375,512.8499755859375,506.3547973632813,76805900,0.0,0.0,0.0,True,False,512.2999877929688,-0.1072414583505404,0.7603372462721975,509.0,513.0,2024-03-04,255.0,396.0,651.0,210.003662109375,440.996337890625
3064,2024-03-08,515.4600219726562,518.219970703125,511.1300048828125,511.7200012207031,505.2391357421875,86425500,0.0,0.0,0.0,True,False,511.2799987792969,-0.0859849996788533,-0.7255695092783593,515.0,512.0,2024-03-11,474.0,375.0,849.0,216.0003662109375,632.9996337890625
3069,2024-03-15,510.2099914550781,511.7000122070313,508.1199951171875,509.8299865722656,504.9371032714844,107585800,1.595,0.0,0.0,True,False,512.8599853515625,0.5943155285291147,-0.0744800943095521,510.0,510.0,2024-03-18,456.0,462.0,918.0,857.99560546875,60.00439453125
3074,2024-03-22,522.1099853515625,522.6099853515625,520.969970703125,521.2100219726562,516.2078247070312,79023000,0.0,0.0,0.0,True,False,519.77001953125,-0.2762806509276591,-0.1723704591285033,522.0,521.0,2024-03-25,357.0,324.0,681.0,368.994140625,312.005859375
3083,2024-04-05,514.4600219726562,520.4400024414062,514.010009765625,518.4299926757812,513.45458984375,74482100,0.0,0.0,0.0,True,False,518.719970703125,0.0559338833478907,0.771677202030677,514.0,518.0,2024-04-08,573.0,462.0,1035.0,215.9912109375,819.0087890625
3088,2024-04-12,514.3699951171875,515.8200073242188,509.0799865722656,510.8500061035156,505.9472961425781,92469100,0.0,0.0,0.0,True,False,504.4500122070313,-1.252812727810268,-0.6843301606015969,514.0,511.0,2024-04-15,735.0,693.0,1428.0,1964.996337890608,-536.996337890608
3093,2024-04-19,499.4400024414063,500.4599914550781,493.8599853515625,495.1600036621094,490.4078674316406,102129100,0.0,0.0,0.0,True,False,499.7200012207031,0.9209139520294196,-0.8569595463669332,499.0,495.0,2024-04-22,675.0,618.0,1293.0,1416.0003662109375,-123.0003662109375
3098,2024-04-26,506.3500061035156,509.8800048828125,505.7000122070313,508.260009765625,503.3821716308594,64306100,0.0,0.0,0.0,True,False,510.05999755859375,0.3541470425341514,0.3772101588004925,506.0,508.0,2024-04-29,447.0,354.0,801.0,617.999267578125,183.000732421875
3103,2024-05-03,511.1600036621094,512.5499877929688,508.55999755859375,511.2900085449219,506.3830871582031,72756700,0.0,0.0,0.0,True,False,516.5700073242188,1.0326817835387008,0.0254333050084326,511.0,511.0,2024-05-06,561.0,249.0,810.0,1671.002197265625,-861.002197265625
3108,2024-05-10,521.8099975585938,522.6400146484375,519.5900268554688,520.8400268554688,515.8414916992188,52233200,0.0,0.0,0.0,True,False,520.9099731445312,0.0134295149097497,-0.185885802813903,522.0,521.0,2024-05-13,273.0,333.00000000000006,606.0,27.008056640625,578.991943359375
3113,2024-05-17,528.8099975585938,529.52001953125,527.3200073242188,529.4500122070312,524.3687744140625,59187600,0.0,0.0,0.0,True,False,530.0599975585938,0.1152111318346663,0.1210292262612876,529.0,529.0,2024-05-20,345.0,237.0,582.0,317.999267578125,264.000732421875
3118,2024-05-24,527.8499755859375,530.27001953125,526.8800048828125,529.4400024414062,524.3589477539062,41258400,0.0,0.0,0.0,True,False,529.8099975585938,0.0698842390981682,0.3012270396912963,528.0,529.0,2024-05-28,375.0,255.0,630.0,242.999267578125,387.000732421875
3122,2024-05-31,523.5900268554688,527.5,518.3599853515625,527.3699951171875,522.3087768554688,90785800,0.0,0.0,0.0,True,False,527.7999877929688,0.0815352939610644,0.7219328229798709,524.0,527.0,2024-06-03,465.0,309.0,774.0,239.996337890625,534.003662109375
3127,2024-06-07,533.6599731445312,536.8900146484375,532.5399780273438,534.010009765625,528.885009765625,43224500,0.0,0.0,0.0,True,False,535.6599731445312,0.3089761144422017,0.0655916948447901,534.0,534.0,2024-06-10,300.0,396.0,696.0,497.991943359375,198.008056640625
3132,2024-06-14,540.8800048828125,542.8099975585938,539.8499755859375,542.780029296875,537.5709228515625,40089900,0.0,0.0,0.0,True,False,547.0999755859375,0.7958926371441154,0.351283907134663,541.0,543.0,2024-06-17,291.0,432.0,723.0,1229.99267578125,-506.99267578125
3136,2024-06-21,544.4000244140625,545.6500244140625,543.02001953125,544.510009765625,541.0240478515625,64513900,1.759,0.0,0.0,True,False,542.739990234375,-0.3250664817001021,0.0202030394250766,544.0,545.0,2024-06-24,345.0,363.0,708.0,678.0029296875,29.9970703125
3141,2024-06-28,547.1599731445312,550.280029296875,542.9500122070312,544.219970703125,540.7359008789062,76144500,0.0,0.0,0.0,True,False,545.3400268554688,0.2058094543823249,-0.5373204520992354,547.0,544.0,2024-07-01,615.0,291.0,906.0,402.008056640625,503.991943359375
3145,2024-07-05,551.77001953125,555.0499877929688,551.1199951171875,554.6400146484375,551.0891723632812,41488400,0.0,0.0,0.0,True,False,555.280029296875,0.1153928010122345,0.5201433596601845,552.0,555.0,2024-07-08,204.00000000000003,366.0,570.0,84.0087890625,485.9912109375
3150,2024-07-12,557.6300048828125,563.6699829101562,557.1500244140625,559.989990234375,556.4049072265625,53084400,0.0,0.0,0.0,True,False,561.530029296875,0.2750118911688833,0.4232170670332665,558.0,560.0,2024-07-15,360.0,390.0,750.0,459.0087890625,290.9912109375
3155,2024-07-19,552.4199829101562,554.0800170898438,547.9099731445312,548.989990234375,545.4754028320312,65509100,0.0,0.0,0.0,True,False,554.6500244140625,1.030990415193384,-0.6209030777112733,552.0,549.0,2024-07-22,456.0,588.0,1044.0,1695.00732421875,-651.00732421875
3160,2024-07-26,542.280029296875,547.1900024414062,541.489990234375,544.4400024414062,540.9545288085938,53763800,0.0,0.0,0.0,True,False,544.760009765625,0.0587773350201595,0.3983132381496493,542.0,544.0,2024-07-29,696.0,534.0,1230.0,228.0029296875,1001.9970703125
3165,2024-08-02,535.75,536.989990234375,528.5999755859375,532.9000244140625,529.4884033203125,82789100,0.0,0.0,0.0,True,False,517.3800048828125,-2.9123698292779525,-0.5319599787097526,536.0,533.0,2024-08-05,948.0,1047.0,1995.0,4685.99853515625,-2690.99853515625
3170,2024-08-09,529.8099975585938,534.510009765625,528.5599975585938,532.989990234375,529.5777587890625,45619600,0.0,0.0,0.0,True,False,533.27001953125,0.0525393163109612,0.6002137918187477,530.0,533.0,2024-08-12,693.0,717.0,1410.0,81.005859375,1328.994140625
3175,2024-08-16,551.4199829101562,555.02001953125,551.260009765625,554.3099975585938,550.7612915039062,44430700,0.0,0.0,0.0,True,False,559.6099853515625,0.9561414761256424,0.5241040836397064,551.0,554.0,2024-08-19,519.0,338.99999999999994,858.0,1682.99560546875,-824.99560546875
3180,2024-08-23,559.530029296875,563.0900268554688,557.2899780273438,562.1300048828125,558.5311889648438,50639400,0.0,0.0,0.0,True,False,560.7899780273438,-0.238383798023396,0.4646713223246874,560.0,562.0,2024-08-26,438.0,420.0,858.0,363.006591796875,494.993408203125
3185,2024-08-30,560.77001953125,564.2000122070312,557.1400146484375,563.6799926757812,560.0712890625,62700100,0.0,0.0,0.0,True,False,552.0800170898438,-2.057900889984151,0.5189245222067522,561.0,564.0,2024-09-03,318.0,564.0,882.0,3575.994873046875,-2693.994873046875
3189,2024-09-06,549.9400024414062,551.5999755859375,539.4400024414062,540.3599853515625,536.9005737304688,68493800,0.0,0.0,0.0,True,False,546.4099731445312,1.119621725696913,-1.7420113189282789,550.0,540.0,2024-09-09,774.0,765.0,1539.0,1922.991943359375,-383.991943359375
3194,2024-09-13,559.7100219726562,563.030029296875,559.4500122070312,562.010009765625,558.4119873046875,39310500,0.0,0.0,0.0,True,False,562.8400268554688,0.1476872431844927,0.4109248901534074,560.0,562.0,2024-09-16,441.0,486.00000000000006,927.0,252.008056640625,674.991943359375
3199,2024-09-20,567.8400268554688,569.3099975585938,565.1699829101562,568.25,566.3438720703125,77503100,1.746,0.0,0.0,True,False,569.6699829101562,0.2498870057468104,0.0721987047657701,568.0,568.0,2024-09-23,366.0,534.0,900.0,500.994873046875,399.005126953125
3204,2024-09-27,573.3900146484375,574.219970703125,570.4199829101562,571.469970703125,569.5530395507812,42100900,0.0,0.0,0.0,True,False,573.760009765625,0.4007278037168572,-0.3348582807968388,573.0,571.0,2024-09-30,558.0,456.0,1014.0,828.0029296875,185.9970703125
3209,2024-10-04,572.3499755859375,573.3599853515625,568.0999755859375,572.97998046875,571.0579833984375,42939100,0.0,0.0,0.0,True,False,567.7999877929688,-0.904044268971412,0.1100733658925273,572.0,573.0,2024-10-07,519.0,516.0,1035.0,1560.003662109375,-525.003662109375
3214,2024-10-11,576.0499877929688,580.3300170898438,575.9099731445312,579.5800170898438,577.6358642578125,42268000,0.0,0.0,0.0,True,False,584.3200073242188,0.8178318945803524,0.6127991271034773,576.0,580.0,2024-10-14,291.0,546.0,837.0,1296.002197265625,-459.002197265625
3219,2024-10-18,584.0700073242188,585.3900146484375,582.5800170898438,584.5900268554688,582.6290893554688,37416800,0.0,0.0,0.0,True,False,583.6300048828125,-0.1642214079190238,0.0890337673102491,584.0,585.0,2024-10-21,318.0,387.0,705.0,410.99853515625,294.00146484375
3224,2024-10-25,581.510009765625,584.4600219726562,578.0800170898438,579.0399780273438,577.09765625,47268200,0.0,0.0,0.0,True,False,580.8300170898438,0.3091391148152243,-0.4247616888446658,582.0,579.0,2024-10-28,525.0,585.0,1110.0,549.005126953125,560.994873046875
3229,2024-11-01,571.3200073242188,575.5499877929688,570.6199951171875,571.0399780273438,569.12451171875,45667500,0.0,0.0,0.0,True,False,569.8099975585938,-0.2153930575927388,-0.0490144390683111,571.0,571.0,2024-11-04,702.0,486.00000000000006,1188.0,357.000732421875,830.999267578125
3234,2024-11-08,596.1699829101562,599.6400146484375,596.1699829101562,598.1900024414062,596.1834716796875,46444900,0.0,0.0,0.0,True,False,598.760009765625,0.0952886744834193,0.3388328143241019,596.0,598.0,2024-11-11,408.00000000000006,341.99999999999994,750.0,228.0029296875,521.9970703125
3239,2024-11-15,589.719970703125,590.2000122070312,583.8599853515625,585.75,583.78515625,75988800,0.0,0.0,0.0,True,False,588.1500244140625,0.4097352819568928,-0.6731959065913252,590.0,586.0,2024-11-18,522.0,471.0,993.0,645.00732421875,347.99267578125
3244,2024-11-22,593.6599731445312,596.1500244140625,593.1500244140625,595.510009765625,593.512451171875,38226400,0.0,0.0,0.0,True,False,597.530029296875,0.3392083253218564,0.3116323661328172,594.0,596.0,2024-11-25,345.0,438.0,783.0,459.0087890625,323.9912109375
3248,2024-11-29,599.6599731445312,603.3499755859375,599.3800048828125,602.5499877929688,600.52880859375,30177400,0.0,0.0,0.0,True,False,603.6300048828125,0.1792410773751165,0.4819422302413609,600.0,603.0,2024-12-02,276.0,413.99999999999994,690.0,189.00146484375,500.99853515625
3253,2024-12-06,607.4400024414062,609.0700073242188,607.02001953125,607.8099975585938,605.7711791992188,31241500,0.0,0.0,0.0,True,False,604.6799926757812,-0.514964363104403,0.0609105616522497,607.0,608.0,2024-12-09,273.0,309.0,582.0,996.002197265625,-414.002197265625
3258,2024-12-13,606.4000244140625,607.1300048828125,602.8099975585938,604.2100219726562,602.1832885742188,35904700,0.0,0.0,0.0,True,False,606.7899780273438,0.4269965675617769,-0.3611481453224466,606.0,604.0,2024-12-16,312.0,360.0,672.0,836.993408203125,-164.993408203125
3263,2024-12-20,581.77001953125,595.75,580.9099731445312,591.1500244140625,591.1500244140625,125716700,1.966,0.0,0.0,True,False,594.6900024414062,0.5988290418921177,1.6123218055083446,582.0,591.0,2024-12-23,683.9999999999999,732.0,1416.0,1107.000732421875,308.999267578125
3267,2024-12-27,597.5399780273438,597.780029296875,590.760009765625,595.010009765625,595.010009765625,64969300,0.0,0.0,0.0,True,False,588.219970703125,-1.1411638377604103,-0.4233973214764515,598.0,595.0,2024-12-30,630.0,564.0,1194.0,2034.0087890625,-840.0087890625
